Avaliando desempenho usando features do arquivo trabalho_6/csvs/trabalho_6_features_bins_32-PARCIAL.csv...
    Correlação para classe 0:
                          maximo     media       std       var   mediana  assimetria   curtose  amplitude_ao_quadrado  entropia_completa  entropia_dos_bins  energia_media       rms  desvio_absoluto_medio      p925      p850  amplitude_interquartil  uniformidade  media_robusta
maximo                  1.000000  0.304080  0.319160  0.303164  0.290813   -0.057480 -0.096314               0.999988           0.328976           0.344701       0.297075  0.314136               0.310763  0.299040  0.340083                0.339253     -0.445397       0.293106
media                   0.304080  1.000000  0.977527  0.977729  0.798317   -0.443298 -0.450535               0.302563           0.867093           0.869320       0.992965  0.993097               0.993184  0.949566  0.974332                0.989985     -0.755601       0.990878
std                     0.319160  0.977527  1.000000  0.997918  0.717565   -0.249364 -0.270130               0.317410           0.935780           0.940030       0.991470  0.995506               0.993614  0.992704  0.994172                0.978553     -0.797745       0.942373
var                     0.303164  0.977729  0.997918  1.000000  0.713863   -0.260321 -0.284958               0.301452           0.921521           0.925485       0.994732  0.994436               0.993087  0.989078  0.994885                0.981154     -0.782091       0.945149
mediana                 0.290813  0.798317  0.717565  0.713863  1.000000   -0.534226 -0.461059               0.290068           0.619528           0.615186       0.757636  0.758076               0.741246  0.679915  0.699550                0.760171     -0.598046       0.813370
assimetria             -0.057480 -0.443298 -0.249364 -0.260321 -0.534226    1.000000  0.980434              -0.057847           0.011901           0.015780      -0.354434 -0.337779              -0.354161 -0.144120 -0.270867               -0.410839      0.053093      -0.554929
curtose                -0.096314 -0.450535 -0.270130 -0.284958 -0.461059    0.980434  1.000000              -0.096567           0.012743           0.011952      -0.371905 -0.352494              -0.374366 -0.161830 -0.305523               -0.441062      0.050009      -0.561269
amplitude_ao_quadrado   0.999988  0.302563  0.317410  0.301452  0.290068   -0.057847 -0.096567               1.000000           0.327183           0.342943       0.295468  0.312481               0.309103  0.297210  0.338399                0.337732     -0.444068       0.291734
entropia_completa       0.328976  0.867093  0.935780  0.921521  0.619528    0.011901  0.012743               0.327183           1.000000           0.997652       0.892430  0.910187               0.900344  0.958810  0.908847                0.859571     -0.885780       0.799212
entropia_dos_bins       0.344701  0.869320  0.940030  0.925485  0.615186    0.015780  0.011952               0.342943           0.997652           1.000000       0.895368  0.913544               0.904078  0.963222  0.915235                0.864491     -0.889508       0.800212
energia_media           0.297075  0.992965  0.991470  0.994732  0.757636   -0.354434 -0.371905               0.295468           0.892430           0.895368       1.000000  0.997698               0.997171  0.972716  0.989442                0.990805     -0.764517       0.972742
rms                     0.314136  0.993097  0.995506  0.994436  0.758076   -0.337779 -0.352494               0.312481           0.910187           0.913544       0.997698  1.000000               0.998971  0.978902  0.990796                0.989132     -0.783237       0.969424
desvio_absoluto_medio   0.310763  0.993184  0.993614  0.993087  0.741246   -0.354161 -0.374366               0.309103           0.900344           0.904078       0.997171  0.998971               1.000000  0.974129  0.990447                0.991456     -0.770817       0.972017
p925                    0.299040  0.949566  0.992704  0.989078  0.679915   -0.144120 -0.161830               0.297210           0.958810           0.963222       0.972716  0.978902               0.974129  1.000000  0.983199                0.948464     -0.813523       0.901022
p850                    0.340083  0.974332  0.994172  0.994885  0.699550   -0.270867 -0.305523               0.338399           0.908847           0.915235       0.989442  0.990796               0.990447  0.983199  1.000000                0.981884     -0.778250       0.944447
amplitude_interquartil  0.339253  0.989985  0.978553  0.981154  0.760171   -0.410839 -0.441062               0.337732           0.859571           0.864491       0.990805  0.989132               0.991456  0.948464  0.981884                1.000000     -0.742731       0.978357
uniformidade           -0.445397 -0.755601 -0.797745 -0.782091 -0.598046    0.053093  0.050009              -0.444068          -0.885780          -0.889508      -0.764517 -0.783237              -0.770817 -0.813523 -0.778250               -0.742731      1.000000      -0.702502
media_robusta           0.293106  0.990878  0.942373  0.945149  0.813370   -0.554929 -0.561269               0.291734           0.799212           0.800212       0.972742  0.969424               0.972017  0.901022  0.944447                0.978357     -0.702502       1.000000
    Encontradas 12 features altamente correlacionadas.
    Features removidas por alta correlação: ['std', 'var', 'curtose', 'amplitude_ao_quadrado', 'entropia_dos_bins', 'energia_media', 'rms', 'desvio_absoluto_medio', 'p925', 'p850', 'amplitude_interquartil', 'media_robusta']
    Correlação para classe 1:
                          maximo     media       std       var   mediana  assimetria   curtose  amplitude_ao_quadrado  entropia_completa  entropia_dos_bins  energia_media       rms  desvio_absoluto_medio      p925      p850  amplitude_interquartil  uniformidade  media_robusta
maximo                  1.000000  0.206992  0.291352  0.283203  0.208412    0.008742  0.020879               0.657388           0.282528           0.357561       0.291416  0.292736               0.249310  0.399973  0.340987                0.101949     -0.274956       0.185401
media                   0.206992  1.000000 -0.095056 -0.113015  0.914991   -0.544062  0.456362               0.193194           0.060792          -0.029056       0.943500  0.943643              -0.145979  0.505418  0.601337               -0.279066     -0.056808       0.980399
std                     0.291352 -0.095056  1.000000  0.992607  0.094685    0.005314 -0.409856               0.489362           0.450895           0.746373       0.231203  0.236997               0.988952  0.738448  0.671265                0.882649     -0.443316      -0.101489
var                     0.283203 -0.113015  0.992607  1.000000  0.090111   -0.002500 -0.398356               0.482289           0.368171           0.683126       0.214839  0.219952               0.983708  0.711928  0.647518                0.877962     -0.369579      -0.122211
mediana                 0.208412  0.914991  0.094685  0.090111  1.000000   -0.730595  0.402618               0.310010           0.101528           0.063668       0.924355  0.925070               0.048148  0.495370  0.584333               -0.111111     -0.093747       0.933813
assimetria              0.008742 -0.544062  0.005314 -0.002500 -0.730595    1.000000 -0.691924              -0.401923           0.125240           0.130215      -0.535256 -0.535925               0.081935 -0.067125 -0.172203                0.222890     -0.167006      -0.621761
curtose                 0.020879  0.456362 -0.409856 -0.398356  0.402618   -0.691924  1.000000               0.241604          -0.380108          -0.482779       0.322275  0.315949              -0.514341 -0.148270 -0.080510               -0.656646      0.480866       0.490252
amplitude_ao_quadrado   0.657388  0.193194  0.489362  0.482289  0.310010   -0.401923  0.241604               1.000000           0.334813           0.465826       0.347743  0.349280               0.421643  0.440560  0.420291                0.258894     -0.252922       0.221033
entropia_completa       0.282528  0.060792  0.450895  0.368171  0.101528    0.125240 -0.380108               0.334813           1.000000           0.909582       0.179783  0.183775               0.448600  0.453490  0.354983                0.392417     -0.936370       0.099617
entropia_dos_bins       0.357561 -0.029056  0.746373  0.683126  0.063668    0.130215 -0.482779               0.465826           0.909582           1.000000       0.192722  0.200636               0.737331  0.634614  0.532348                0.657790     -0.897490      -0.017122
energia_media           0.291416  0.943500  0.231203  0.214839  0.924355   -0.535256  0.322275               0.347743           0.179783           0.192722       1.000000  0.998639               0.179819  0.728969  0.802203                0.024535     -0.166319       0.919119
rms                     0.292736  0.943643  0.236997  0.219952  0.925070   -0.535925  0.315949               0.349280           0.183775           0.200636       0.998639  1.000000               0.184619  0.734166  0.806988                0.026021     -0.176649       0.919154
desvio_absoluto_medio   0.249310 -0.145979  0.988952  0.983708  0.048148    0.081935 -0.514341               0.421643           0.448600           0.737331       0.179819  0.184619               1.000000  0.699610  0.638335                0.934277     -0.446526      -0.154049
p925                    0.399973  0.505418  0.738448  0.711928  0.495370   -0.067125 -0.148270               0.440560           0.453490           0.634614       0.728969  0.734166               0.699610  1.000000  0.964656                0.543422     -0.448131       0.444680
p850                    0.340987  0.601337  0.671265  0.647518  0.584333   -0.172203 -0.080510               0.420291           0.354983           0.532348       0.802203  0.806988               0.638335  0.964656  1.000000                0.503177     -0.361187       0.555991
amplitude_interquartil  0.101949 -0.279066  0.882649  0.877962 -0.111111    0.222890 -0.656646               0.258894           0.392417           0.657790       0.024535  0.026021               0.934277  0.543422  0.503177                1.000000     -0.390660      -0.296664
uniformidade           -0.274956 -0.056808 -0.443316 -0.369579 -0.093747   -0.167006  0.480866              -0.252922          -0.936370          -0.897490      -0.166319 -0.176649              -0.446526 -0.448131 -0.361187               -0.390660      1.000000      -0.077126
media_robusta           0.185401  0.980399 -0.101489 -0.122211  0.933813   -0.621761  0.490252               0.221033           0.099617          -0.017122       0.919119  0.919154              -0.154049  0.444680  0.555991               -0.296664     -0.077126       1.000000
    Encontradas 5 features altamente correlacionadas.
    Features removidas por alta correlação: ['var', 'rms', 'desvio_absoluto_medio', 'p850', 'media_robusta']
    Correlação para classe 2:
                          media       std       var  assimetria   curtose  amplitude_ao_quadrado  entropia_completa  entropia_dos_bins  energia_media       rms  desvio_absoluto_medio  uniformidade
media                  1.000000 -0.952401 -0.974638   -0.889938  0.905872              -0.790467          -0.701135          -0.680345       0.991692  0.991297              -0.999272      0.809707
std                   -0.952401  1.000000  0.995767    0.723797 -0.763905               0.933895           0.457461           0.431083      -0.905879 -0.904503               0.963150     -0.594071
var                   -0.974638  0.995767  1.000000    0.773126 -0.805389               0.904225           0.530358           0.505237      -0.937775 -0.936701               0.982155     -0.659478
assimetria            -0.889938  0.723797  0.773126    1.000000 -0.994335               0.441831           0.906159           0.897615      -0.937403 -0.937975               0.875340     -0.967468
curtose                0.905872 -0.763905 -0.805389   -0.994335  1.000000              -0.496043          -0.859780          -0.849579       0.943923  0.944103              -0.894717      0.935474
amplitude_ao_quadrado -0.790467  0.933895  0.904225    0.441831 -0.496043               1.000000           0.153192           0.122917      -0.706999 -0.704883               0.811691     -0.291967
entropia_completa     -0.701135  0.457461  0.530358    0.906159 -0.859780               0.153192           1.000000           0.999138      -0.783030 -0.784891               0.674776     -0.979593
entropia_dos_bins     -0.680345  0.431083  0.505237    0.897615 -0.849579               0.122917           0.999138           1.000000      -0.765200 -0.767139               0.653214     -0.975141
energia_media          0.991692 -0.905879 -0.937775   -0.937403  0.943923              -0.706999          -0.783030          -0.765200       1.000000  0.999992              -0.986294      0.877450
rms                    0.991297 -0.904503 -0.936701   -0.937975  0.944103              -0.704883          -0.784891          -0.767139       0.999992  1.000000              -0.985763      0.878895
desvio_absoluto_medio -0.999272  0.963150  0.982155    0.875340 -0.894717               0.811691           0.674776           0.653214      -0.986294 -0.985763               1.000000     -0.787633
uniformidade           0.809707 -0.594071 -0.659478   -0.967468  0.935474              -0.291967          -0.979593          -0.975141       0.877450  0.878895              -0.787633      1.000000
    Encontradas 8 features altamente correlacionadas.
    Features removidas por alta correlação: ['std', 'var', 'curtose', 'entropia_dos_bins', 'energia_media', 'rms', 'desvio_absoluto_medio', 'uniformidade']
    Correlação para classe 3:
                          media       std       var  assimetria   curtose  amplitude_ao_quadrado  entropia_completa  entropia_dos_bins  energia_media       rms  desvio_absoluto_medio  uniformidade
media                  1.000000  0.585200  0.575703   -0.739479 -0.653287              -0.232976          -0.355396          -0.342303       0.971054  0.974622               0.582975      0.297190
std                    0.585200  1.000000  0.998156   -0.808926 -0.846182               0.010846          -0.529177          -0.508367       0.759564  0.751582               0.989735      0.582729
var                    0.575703  0.998156  1.000000   -0.788484 -0.831180               0.006490          -0.537055          -0.517567       0.751952  0.744021               0.988125      0.594258
assimetria            -0.739479 -0.808926 -0.788484    1.000000  0.728850              -0.037183           0.448569           0.426906      -0.833779 -0.820950              -0.775305     -0.451851
curtose               -0.653287 -0.846182 -0.831180    0.728850  1.000000               0.312537           0.634896           0.613636      -0.755970 -0.763856              -0.896499     -0.608633
amplitude_ao_quadrado -0.232976  0.010846  0.006490   -0.037183  0.312537               1.000000           0.494286           0.497990      -0.164894 -0.188995              -0.068263     -0.367121
entropia_completa     -0.355396 -0.529177 -0.537055    0.448569  0.634896               0.494286           1.000000           0.999374      -0.429792 -0.437282              -0.598814     -0.979124
entropia_dos_bins     -0.342303 -0.508367 -0.517567    0.426906  0.613636               0.497990           0.999374           1.000000      -0.413436 -0.421122              -0.578872     -0.977480
energia_media          0.971054  0.759564  0.751952   -0.833779 -0.755970              -0.164894          -0.429792          -0.413436       1.000000  0.999172               0.751635      0.401912
rms                    0.974622  0.751582  0.744021   -0.820950 -0.763856              -0.188995          -0.437282          -0.421122       0.999172  1.000000               0.747397      0.404826
desvio_absoluto_medio  0.582975  0.989735  0.988125   -0.775305 -0.896499              -0.068263          -0.598814          -0.578872       0.751635  0.747397               1.000000      0.642162
uniformidade           0.297190  0.582729  0.594258   -0.451851 -0.608633              -0.367121          -0.979124          -0.977480       0.401912  0.404826               0.642162      1.000000
    Encontradas 6 features altamente correlacionadas.
    Features removidas por alta correlação: ['var', 'entropia_dos_bins', 'energia_media', 'rms', 'desvio_absoluto_medio', 'uniformidade']
    Correlação para classe 4:
                          media       std       var  assimetria   curtose  amplitude_ao_quadrado  entropia_completa  entropia_dos_bins  energia_media       rms  desvio_absoluto_medio  uniformidade
media                  1.000000  0.098142  0.081309   -0.617543  0.444948               0.146163          -0.095590          -0.089434       0.977432  0.981727              -0.023543      0.168308
std                    0.098142  1.000000  0.982476    0.308412 -0.500630               0.699069           0.829986           0.840655       0.289558  0.281779               0.983426     -0.691770
var                    0.081309  0.982476  1.000000    0.336896 -0.498705               0.665159           0.769214           0.780523       0.279529  0.267320               0.983724     -0.628384
assimetria            -0.617543  0.308412  0.336896    1.000000 -0.852265               0.138381           0.536814           0.532527      -0.525387 -0.538237               0.429426     -0.574443
curtose                0.444948 -0.500630 -0.498705   -0.852265  1.000000              -0.143927          -0.555532          -0.560357       0.325181  0.341151              -0.576558      0.491629
amplitude_ao_quadrado  0.146163  0.699069  0.665159    0.138381 -0.143927               1.000000           0.708100           0.709304       0.269754  0.268605               0.664203     -0.680793
entropia_completa     -0.095590  0.829986  0.769214    0.536814 -0.555532               0.708100           1.000000           0.999662       0.051278  0.051895               0.825961     -0.963824
entropia_dos_bins     -0.089434  0.840655  0.780523    0.532527 -0.560357               0.709304           0.999662           1.000000       0.059441  0.060167               0.835973     -0.958293
energia_media          0.977432  0.289558  0.279529   -0.525387  0.325181               0.269754           0.051278           0.059441       1.000000  0.997498               0.172098      0.044308
rms                    0.981727  0.281779  0.267320   -0.538237  0.341151               0.268605           0.051895           0.060167       0.997498  1.000000               0.164793      0.045083
desvio_absoluto_medio -0.023543  0.983426  0.983724    0.429426 -0.576558               0.664203           0.825961           0.835973       0.172098  0.164793               1.000000     -0.696215
uniformidade           0.168308 -0.691770 -0.628384   -0.574443  0.491629              -0.680793          -0.963824          -0.958293       0.044308  0.045083              -0.696215      1.000000
    Encontradas 6 features altamente correlacionadas.
    Features removidas por alta correlação: ['var', 'entropia_dos_bins', 'energia_media', 'rms', 'desvio_absoluto_medio', 'uniformidade']
    Classe todas: Matriz de correlação salva como matriz_correlacao_condicionada_classe_todas_trabalho_6_features_bins_32-PARCIAL.pdf.
Avaliando desempenho usando features do arquivo trabalho_6/csvs/trabalho_6_features_bins_16-PARCIAL.csv...
    Correlação para classe 0:
                          maximo     media       std       var   mediana  assimetria   curtose  amplitude_ao_quadrado  entropia_completa  entropia_dos_bins  energia_media       rms  desvio_absoluto_medio      p925      p850  amplitude_interquartil  uniformidade  media_robusta
maximo                  1.000000  0.304080  0.319160  0.303164  0.290813   -0.057480 -0.096314               0.999988           0.328976           0.333255       0.297075  0.314136               0.310763  0.299040  0.340083                0.339253     -0.376317       0.293106
media                   0.304080  1.000000  0.977527  0.977729  0.798317   -0.443298 -0.450535               0.302563           0.867093           0.840400       0.992965  0.993097               0.993184  0.949566  0.974332                0.989985     -0.755100       0.990878
std                     0.319160  0.977527  1.000000  0.997918  0.717565   -0.249364 -0.270130               0.317410           0.935780           0.923137       0.991470  0.995506               0.993614  0.992704  0.994172                0.978553     -0.832091       0.942373
var                     0.303164  0.977729  0.997918  1.000000  0.713863   -0.260321 -0.284958               0.301452           0.921521           0.906589       0.994732  0.994436               0.993087  0.989078  0.994885                0.981154     -0.810409       0.945149
mediana                 0.290813  0.798317  0.717565  0.713863  1.000000   -0.534226 -0.461059               0.290068           0.619528           0.569006       0.757636  0.758076               0.741246  0.679915  0.699550                0.760171     -0.548796       0.813370
assimetria             -0.057480 -0.443298 -0.249364 -0.260321 -0.534226    1.000000  0.980434              -0.057847           0.011901           0.071111      -0.354434 -0.337779              -0.354161 -0.144120 -0.270867               -0.410839     -0.086561      -0.554929
curtose                -0.096314 -0.450535 -0.270130 -0.284958 -0.461059    0.980434  1.000000              -0.096567           0.012743           0.062533      -0.371905 -0.352494              -0.374366 -0.161830 -0.305523               -0.441062     -0.085020      -0.561269
amplitude_ao_quadrado   0.999988  0.302563  0.317410  0.301452  0.290068   -0.057847 -0.096567               1.000000           0.327183           0.331408       0.295468  0.312481               0.309103  0.297210  0.338399                0.337732     -0.374589       0.291734
entropia_completa       0.328976  0.867093  0.935780  0.921521  0.619528    0.011901  0.012743               0.327183           1.000000           0.993786       0.892430  0.910187               0.900344  0.958810  0.908847                0.859571     -0.946407       0.799212
entropia_dos_bins       0.333255  0.840400  0.923137  0.906589  0.569006    0.071111  0.062533               0.331408           0.993786           1.000000       0.870442  0.891149               0.882038  0.951836  0.897640                0.838582     -0.954129       0.766010
energia_media           0.297075  0.992965  0.991470  0.994732  0.757636   -0.354434 -0.371905               0.295468           0.892430           0.870442       1.000000  0.997698               0.997171  0.972716  0.989442                0.990805     -0.776009       0.972742
rms                     0.314136  0.993097  0.995506  0.994436  0.758076   -0.337779 -0.352494               0.312481           0.910187           0.891149       0.997698  1.000000               0.998971  0.978902  0.990796                0.989132     -0.802133       0.969424
desvio_absoluto_medio   0.310763  0.993184  0.993614  0.993087  0.741246   -0.354161 -0.374366               0.309103           0.900344           0.882038       0.997171  0.998971               1.000000  0.974129  0.990447                0.991456     -0.789486       0.972017
p925                    0.299040  0.949566  0.992704  0.989078  0.679915   -0.144120 -0.161830               0.297210           0.958810           0.951836       0.972716  0.978902               0.974129  1.000000  0.983199                0.948464     -0.863795       0.901022
p850                    0.340083  0.974332  0.994172  0.994885  0.699550   -0.270867 -0.305523               0.338399           0.908847           0.897640       0.989442  0.990796               0.990447  0.983199  1.000000                0.981884     -0.804815       0.944447
amplitude_interquartil  0.339253  0.989985  0.978553  0.981154  0.760171   -0.410839 -0.441062               0.337732           0.859571           0.838582       0.990805  0.989132               0.991456  0.948464  0.981884                1.000000     -0.747739       0.978357
uniformidade           -0.376317 -0.755100 -0.832091 -0.810409 -0.548796   -0.086561 -0.085020              -0.374589          -0.946407          -0.954129      -0.776009 -0.802133              -0.789486 -0.863795 -0.804815               -0.747739      1.000000      -0.683479
media_robusta           0.293106  0.990878  0.942373  0.945149  0.813370   -0.554929 -0.561269               0.291734           0.799212           0.766010       0.972742  0.969424               0.972017  0.901022  0.944447                0.978357     -0.683479       1.000000
    Encontradas 13 features altamente correlacionadas.
    Features removidas por alta correlação: ['std', 'var', 'curtose', 'amplitude_ao_quadrado', 'entropia_dos_bins', 'energia_media', 'rms', 'desvio_absoluto_medio', 'p925', 'p850', 'amplitude_interquartil', 'uniformidade', 'media_robusta']
    Correlação para classe 1:
                          maximo     media       std       var   mediana  assimetria   curtose  amplitude_ao_quadrado  entropia_completa  entropia_dos_bins  energia_media       rms  desvio_absoluto_medio      p925      p850  amplitude_interquartil  uniformidade  media_robusta
maximo                  1.000000  0.206992  0.291352  0.283203  0.208412    0.008742  0.020879               0.657388           0.282528           0.337942       0.291416  0.292736               0.249310  0.399973  0.340987                0.101949     -0.238059       0.185401
media                   0.206992  1.000000 -0.095056 -0.113015  0.914991   -0.544062  0.456362               0.193194           0.060792          -0.069794       0.943500  0.943643              -0.145979  0.505418  0.601337               -0.279066      0.043894       0.980399
std                     0.291352 -0.095056  1.000000  0.992607  0.094685    0.005314 -0.409856               0.489362           0.450895           0.814724       0.231203  0.236997               0.988952  0.738448  0.671265                0.882649     -0.674598      -0.101489
var                     0.283203 -0.113015  0.992607  1.000000  0.090111   -0.002500 -0.398356               0.482289           0.368171           0.758203       0.214839  0.219952               0.983708  0.711928  0.647518                0.877962     -0.611321      -0.122211
mediana                 0.208412  0.914991  0.094685  0.090111  1.000000   -0.730595  0.402618               0.310010           0.101528           0.042078       0.924355  0.925070               0.048148  0.495370  0.584333               -0.111111     -0.036654       0.933813
assimetria              0.008742 -0.544062  0.005314 -0.002500 -0.730595    1.000000 -0.691924              -0.401923           0.125240           0.115123      -0.535256 -0.535925               0.081935 -0.067125 -0.172203                0.222890     -0.177723      -0.621761
curtose                 0.020879  0.456362 -0.409856 -0.398356  0.402618   -0.691924  1.000000               0.241604          -0.380108          -0.495960       0.322275  0.315949              -0.514341 -0.148270 -0.080510               -0.656646      0.579935       0.490252
amplitude_ao_quadrado   0.657388  0.193194  0.489362  0.482289  0.310010   -0.401923  0.241604               1.000000           0.334813           0.479922       0.347743  0.349280               0.421643  0.440560  0.420291                0.258894     -0.303722       0.221033
entropia_completa       0.282528  0.060792  0.450895  0.368171  0.101528    0.125240 -0.380108               0.334813           1.000000           0.845909       0.179783  0.183775               0.448600  0.453490  0.354983                0.392417     -0.875630       0.099617
entropia_dos_bins       0.337942 -0.069794  0.814724  0.758203  0.042078    0.115123 -0.495960               0.479922           0.845909           1.000000       0.177944  0.186192               0.804255  0.656741  0.559782                0.722635     -0.955364      -0.063018
energia_media           0.291416  0.943500  0.231203  0.214839  0.924355   -0.535256  0.322275               0.347743           0.179783           0.177944       1.000000  0.998639               0.179819  0.728969  0.802203                0.024535     -0.151635       0.919119
rms                     0.292736  0.943643  0.236997  0.219952  0.925070   -0.535925  0.315949               0.349280           0.183775           0.186192       0.998639  1.000000               0.184619  0.734166  0.806988                0.026021     -0.161774       0.919154
desvio_absoluto_medio   0.249310 -0.145979  0.988952  0.983708  0.048148    0.081935 -0.514341               0.421643           0.448600           0.804255       0.179819  0.184619               1.000000  0.699610  0.638335                0.934277     -0.678803      -0.154049
p925                    0.399973  0.505418  0.738448  0.711928  0.495370   -0.067125 -0.148270               0.440560           0.453490           0.656741       0.728969  0.734166               0.699610  1.000000  0.964656                0.543422     -0.572479       0.444680
p850                    0.340987  0.601337  0.671265  0.647518  0.584333   -0.172203 -0.080510               0.420291           0.354983           0.559782       0.802203  0.806988               0.638335  0.964656  1.000000                0.503177     -0.482321       0.555991
amplitude_interquartil  0.101949 -0.279066  0.882649  0.877962 -0.111111    0.222890 -0.656646               0.258894           0.392417           0.722635       0.024535  0.026021               0.934277  0.543422  0.503177                1.000000     -0.631310      -0.296664
uniformidade           -0.238059  0.043894 -0.674598 -0.611321 -0.036654   -0.177723  0.579935              -0.303722          -0.875630          -0.955364      -0.151635 -0.161774              -0.678803 -0.572479 -0.482321               -0.631310      1.000000       0.041462
media_robusta           0.185401  0.980399 -0.101489 -0.122211  0.933813   -0.621761  0.490252               0.221033           0.099617          -0.063018       0.919119  0.919154              -0.154049  0.444680  0.555991               -0.296664      0.041462       1.000000
    Encontradas 6 features altamente correlacionadas.
    Features removidas por alta correlação: ['var', 'rms', 'desvio_absoluto_medio', 'p850', 'uniformidade', 'media_robusta']
    Correlação para classe 2:
                          media       std       var  assimetria   curtose  amplitude_ao_quadrado  entropia_completa  entropia_dos_bins  energia_media       rms  desvio_absoluto_medio  uniformidade
media                  1.000000 -0.952401 -0.974638   -0.889938  0.905872              -0.790467          -0.701135          -0.685043       0.991692  0.991297              -0.999272      0.809482
std                   -0.952401  1.000000  0.995767    0.723797 -0.763905               0.933895           0.457461           0.436930      -0.905879 -0.904503               0.963150     -0.593519
var                   -0.974638  0.995767  1.000000    0.773126 -0.805389               0.904225           0.530358           0.511022      -0.937775 -0.936701               0.982155     -0.658933
assimetria            -0.889938  0.723797  0.773126    1.000000 -0.994335               0.441831           0.906159           0.898829      -0.937403 -0.937975               0.875340     -0.967675
curtose                0.905872 -0.763905 -0.805389   -0.994335  1.000000              -0.496043          -0.859780          -0.850909       0.943923  0.944103              -0.894717      0.935666
amplitude_ao_quadrado -0.790467  0.933895  0.904225    0.441831 -0.496043               1.000000           0.153192           0.129694      -0.706999 -0.704883               0.811691     -0.290810
entropia_completa     -0.701135  0.457461  0.530358    0.906159 -0.859780               0.153192           1.000000           0.998226      -0.783030 -0.784891               0.674776     -0.978801
entropia_dos_bins     -0.685043  0.436930  0.511022    0.898829 -0.850909               0.129694           0.998226           1.000000      -0.769127 -0.771067               0.658042     -0.975380
energia_media          0.991692 -0.905879 -0.937775   -0.937403  0.943923              -0.706999          -0.783030          -0.769127       1.000000  0.999992              -0.986294      0.877406
rms                    0.991297 -0.904503 -0.936701   -0.937975  0.944103              -0.704883          -0.784891          -0.771067       0.999992  1.000000              -0.985763      0.878862
desvio_absoluto_medio -0.999272  0.963150  0.982155    0.875340 -0.894717               0.811691           0.674776           0.658042      -0.986294 -0.985763               1.000000     -0.787357
uniformidade           0.809482 -0.593519 -0.658933   -0.967675  0.935666              -0.290810          -0.978801          -0.975380       0.877406  0.878862              -0.787357      1.000000
    Encontradas 8 features altamente correlacionadas.
    Features removidas por alta correlação: ['std', 'var', 'curtose', 'entropia_dos_bins', 'energia_media', 'rms', 'desvio_absoluto_medio', 'uniformidade']
    Correlação para classe 3:
                          media       std       var  assimetria   curtose  amplitude_ao_quadrado  entropia_completa  entropia_dos_bins  energia_media       rms  desvio_absoluto_medio  uniformidade
media                  1.000000  0.585200  0.575703   -0.739479 -0.653287              -0.232976          -0.355396          -0.299781       0.971054  0.974622               0.582975      0.258665
std                    0.585200  1.000000  0.998156   -0.808926 -0.846182               0.010846          -0.529177          -0.427421       0.759564  0.751582               0.989735      0.527462
var                    0.575703  0.998156  1.000000   -0.788484 -0.831180               0.006490          -0.537055          -0.440754       0.751952  0.744021               0.988125      0.543066
assimetria            -0.739479 -0.808926 -0.788484    1.000000  0.728850              -0.037183           0.448569           0.361335      -0.833779 -0.820950              -0.775305     -0.402097
curtose               -0.653287 -0.846182 -0.831180    0.728850  1.000000               0.312537           0.634896           0.530333      -0.755970 -0.763856              -0.896499     -0.538188
amplitude_ao_quadrado -0.232976  0.010846  0.006490   -0.037183  0.312537               1.000000           0.494286           0.483309      -0.164894 -0.188995              -0.068263     -0.335164
entropia_completa     -0.355396 -0.529177 -0.537055    0.448569  0.634896               0.494286           1.000000           0.985068      -0.429792 -0.437282              -0.598814     -0.971401
entropia_dos_bins     -0.299781 -0.427421 -0.440754    0.361335  0.530333               0.483309           0.985068           1.000000      -0.356879 -0.364892              -0.497816     -0.973397
energia_media          0.971054  0.759564  0.751952   -0.833779 -0.755970              -0.164894          -0.429792          -0.356879       1.000000  0.999172               0.751635      0.356206
rms                    0.974622  0.751582  0.744021   -0.820950 -0.763856              -0.188995          -0.437282          -0.364892       0.999172  1.000000               0.747397      0.358822
desvio_absoluto_medio  0.582975  0.989735  0.988125   -0.775305 -0.896499              -0.068263          -0.598814          -0.497816       0.751635  0.747397               1.000000      0.585331
uniformidade           0.258665  0.527462  0.543066   -0.402097 -0.538188              -0.335164          -0.971401          -0.973397       0.356206  0.358822               0.585331      1.000000
    Encontradas 6 features altamente correlacionadas.
    Features removidas por alta correlação: ['var', 'entropia_dos_bins', 'energia_media', 'rms', 'desvio_absoluto_medio', 'uniformidade']
    Correlação para classe 4:
                          media       std       var  assimetria   curtose  amplitude_ao_quadrado  entropia_completa  entropia_dos_bins  energia_media       rms  desvio_absoluto_medio  uniformidade
media                  1.000000  0.098142  0.081309   -0.617543  0.444948               0.146163          -0.095590          -0.090385       0.977432  0.981727              -0.023543      0.188345
std                    0.098142  1.000000  0.982476    0.308412 -0.500630               0.699069           0.829986           0.862474       0.289558  0.281779               0.983426     -0.741891
var                    0.081309  0.982476  1.000000    0.336896 -0.498705               0.665159           0.769214           0.802617       0.279529  0.267320               0.983724     -0.674490
assimetria            -0.617543  0.308412  0.336896    1.000000 -0.852265               0.138381           0.536814           0.520960      -0.525387 -0.538237               0.429426     -0.559037
curtose                0.444948 -0.500630 -0.498705   -0.852265  1.000000              -0.143927          -0.555532          -0.566359       0.325181  0.341151              -0.576558      0.512392
amplitude_ao_quadrado  0.146163  0.699069  0.665159    0.138381 -0.143927               1.000000           0.708100           0.716311       0.269754  0.268605               0.664203     -0.704513
entropia_completa     -0.095590  0.829986  0.769214    0.536814 -0.555532               0.708100           1.000000           0.996980       0.051278  0.051895               0.825961     -0.977792
entropia_dos_bins     -0.090385  0.862474  0.802617    0.520960 -0.566359               0.716311           0.996980           1.000000       0.062681  0.063637               0.856872     -0.967537
energia_media          0.977432  0.289558  0.279529   -0.525387  0.325181               0.269754           0.051278           0.062681       1.000000  0.997498               0.172098      0.055898
rms                    0.981727  0.281779  0.267320   -0.538237  0.341151               0.268605           0.051895           0.063637       0.997498  1.000000               0.164793      0.055878
desvio_absoluto_medio -0.023543  0.983426  0.983724    0.429426 -0.576558               0.664203           0.825961           0.856872       0.172098  0.164793               1.000000     -0.742249
uniformidade           0.188345 -0.741891 -0.674490   -0.559037  0.512392              -0.704513          -0.977792          -0.967537       0.055898  0.055878              -0.742249      1.000000
    Encontradas 6 features altamente correlacionadas.
    Features removidas por alta correlação: ['var', 'entropia_dos_bins', 'energia_media', 'rms', 'desvio_absoluto_medio', 'uniformidade']
    Classe todas: Matriz de correlação salva como matriz_correlacao_condicionada_classe_todas_trabalho_6_features_bins_16-PARCIAL.pdf.
Avaliando desempenho usando features do arquivo trabalho_6/csvs/trabalho_6_features_bins_8-PARCIAL.csv...
    Correlação para classe 0:
                          maximo     media       std       var   mediana  assimetria   curtose  amplitude_ao_quadrado  entropia_completa  entropia_dos_bins  energia_media       rms  desvio_absoluto_medio      p925      p850  amplitude_interquartil  uniformidade  media_robusta
maximo                  1.000000  0.304080  0.319160  0.303164  0.290813   -0.057480 -0.096314               0.999988           0.328976           0.342651       0.297075  0.314136               0.310763  0.299040  0.340083                0.339253     -0.340471       0.293106
media                   0.304080  1.000000  0.977527  0.977729  0.798317   -0.443298 -0.450535               0.302563           0.867093           0.935533       0.992965  0.993097               0.993184  0.949566  0.974332                0.989985     -0.904554       0.990878
std                     0.319160  0.977527  1.000000  0.997918  0.717565   -0.249364 -0.270130               0.317410           0.935780           0.963742       0.991470  0.995506               0.993614  0.992704  0.994172                0.978553     -0.888993       0.942373
var                     0.303164  0.977729  0.997918  1.000000  0.713863   -0.260321 -0.284958               0.301452           0.921521           0.950902       0.994732  0.994436               0.993087  0.989078  0.994885                0.981154     -0.873121       0.945149
mediana                 0.290813  0.798317  0.717565  0.713863  1.000000   -0.534226 -0.461059               0.290068           0.619528           0.781836       0.757636  0.758076               0.741246  0.679915  0.699550                0.760171     -0.894644       0.813370
assimetria             -0.057480 -0.443298 -0.249364 -0.260321 -0.534226    1.000000  0.980434              -0.057847           0.011901          -0.178495      -0.354434 -0.337779              -0.354161 -0.144120 -0.270867               -0.410839      0.335025      -0.554929
curtose                -0.096314 -0.450535 -0.270130 -0.284958 -0.461059    0.980434  1.000000              -0.096567           0.012743          -0.167763      -0.371905 -0.352494              -0.374366 -0.161830 -0.305523               -0.441062      0.298534      -0.561269
amplitude_ao_quadrado   0.999988  0.302563  0.317410  0.301452  0.290068   -0.057847 -0.096567               1.000000           0.327183           0.340945       0.295468  0.312481               0.309103  0.297210  0.338399                0.337732     -0.339060       0.291734
entropia_completa       0.328976  0.867093  0.935780  0.921521  0.619528    0.011901  0.012743               0.327183           1.000000           0.960865       0.892430  0.910187               0.900344  0.958810  0.908847                0.859571     -0.859414       0.799212
entropia_dos_bins       0.342651  0.935533  0.963742  0.950902  0.781836   -0.178495 -0.167763               0.340945           0.960865           1.000000       0.941401  0.956508               0.945700  0.967320  0.944324                0.923578     -0.959995       0.890100
energia_media           0.297075  0.992965  0.991470  0.994732  0.757636   -0.354434 -0.371905               0.295468           0.892430           0.941401       1.000000  0.997698               0.997171  0.972716  0.989442                0.990805     -0.884333       0.972742
rms                     0.314136  0.993097  0.995506  0.994436  0.758076   -0.337779 -0.352494               0.312481           0.910187           0.956508       0.997698  1.000000               0.998971  0.978902  0.990796                0.989132     -0.901023       0.969424
desvio_absoluto_medio   0.310763  0.993184  0.993614  0.993087  0.741246   -0.354161 -0.374366               0.309103           0.900344           0.945700       0.997171  0.998971               1.000000  0.974129  0.990447                0.991456     -0.887227       0.972017
p925                    0.299040  0.949566  0.992704  0.989078  0.679915   -0.144120 -0.161830               0.297210           0.958810           0.967320       0.972716  0.978902               0.974129  1.000000  0.983199                0.948464     -0.875522       0.901022
p850                    0.340083  0.974332  0.994172  0.994885  0.699550   -0.270867 -0.305523               0.338399           0.908847           0.944324       0.989442  0.990796               0.990447  0.983199  1.000000                0.981884     -0.869543       0.944447
amplitude_interquartil  0.339253  0.989985  0.978553  0.981154  0.760171   -0.410839 -0.441062               0.337732           0.859571           0.923578       0.990805  0.989132               0.991456  0.948464  0.981884                1.000000     -0.880131       0.978357
uniformidade           -0.340471 -0.904554 -0.888993 -0.873121 -0.894644    0.335025  0.298534              -0.339060          -0.859414          -0.959995      -0.884333 -0.901023              -0.887227 -0.875522 -0.869543               -0.880131      1.000000      -0.882162
media_robusta           0.293106  0.990878  0.942373  0.945149  0.813370   -0.554929 -0.561269               0.291734           0.799212           0.890100       0.972742  0.969424               0.972017  0.901022  0.944447                0.978357     -0.882162       1.000000
    Encontradas 13 features altamente correlacionadas.
    Features removidas por alta correlação: ['std', 'var', 'curtose', 'amplitude_ao_quadrado', 'entropia_dos_bins', 'energia_media', 'rms', 'desvio_absoluto_medio', 'p925', 'p850', 'amplitude_interquartil', 'uniformidade', 'media_robusta']
    Correlação para classe 1:
                          maximo     media       std       var   mediana  assimetria   curtose  amplitude_ao_quadrado  entropia_completa  entropia_dos_bins  energia_media       rms  desvio_absoluto_medio      p925      p850  amplitude_interquartil  uniformidade  media_robusta
maximo                  1.000000  0.206992  0.291352  0.283203  0.208412    0.008742  0.020879               0.657388           0.282528           0.306638       0.291416  0.292736               0.249310  0.399973  0.340987                0.101949     -0.226130       0.185401
media                   0.206992  1.000000 -0.095056 -0.113015  0.914991   -0.544062  0.456362               0.193194           0.060792          -0.070630       0.943500  0.943643              -0.145979  0.505418  0.601337               -0.279066      0.048138       0.980399
std                     0.291352 -0.095056  1.000000  0.992607  0.094685    0.005314 -0.409856               0.489362           0.450895           0.872271       0.231203  0.236997               0.988952  0.738448  0.671265                0.882649     -0.792852      -0.101489
var                     0.283203 -0.113015  0.992607  1.000000  0.090111   -0.002500 -0.398356               0.482289           0.368171           0.825963       0.214839  0.219952               0.983708  0.711928  0.647518                0.877962     -0.739819      -0.122211
mediana                 0.208412  0.914991  0.094685  0.090111  1.000000   -0.730595  0.402618               0.310010           0.101528           0.065186       0.924355  0.925070               0.048148  0.495370  0.584333               -0.111111     -0.067734       0.933813
assimetria              0.008742 -0.544062  0.005314 -0.002500 -0.730595    1.000000 -0.691924              -0.401923           0.125240           0.076394      -0.535256 -0.535925               0.081935 -0.067125 -0.172203                0.222890     -0.122166      -0.621761
curtose                 0.020879  0.456362 -0.409856 -0.398356  0.402618   -0.691924  1.000000               0.241604          -0.380108          -0.505856       0.322275  0.315949              -0.514341 -0.148270 -0.080510               -0.656646      0.587374       0.490252
amplitude_ao_quadrado   0.657388  0.193194  0.489362  0.482289  0.310010   -0.401923  0.241604               1.000000           0.334813           0.483086       0.347743  0.349280               0.421643  0.440560  0.420291                0.258894     -0.350675       0.221033
entropia_completa       0.282528  0.060792  0.450895  0.368171  0.101528    0.125240 -0.380108               0.334813           1.000000           0.764376       0.179783  0.183775               0.448600  0.453490  0.354983                0.392417     -0.786148       0.099617
entropia_dos_bins       0.306638 -0.070630  0.872271  0.825963  0.065186    0.076394 -0.505856               0.483086           0.764376           1.000000       0.199485  0.208895               0.865351  0.685041  0.600873                0.792787     -0.973555      -0.069713
energia_media           0.291416  0.943500  0.231203  0.214839  0.924355   -0.535256  0.322275               0.347743           0.179783           0.199485       1.000000  0.998639               0.179819  0.728969  0.802203                0.024535     -0.193010       0.919119
rms                     0.292736  0.943643  0.236997  0.219952  0.925070   -0.535925  0.315949               0.349280           0.183775           0.208895       0.998639  1.000000               0.184619  0.734166  0.806988                0.026021     -0.203645       0.919154
desvio_absoluto_medio   0.249310 -0.145979  0.988952  0.983708  0.048148    0.081935 -0.514341               0.421643           0.448600           0.865351       0.179819  0.184619               1.000000  0.699610  0.638335                0.934277     -0.800122      -0.154049
p925                    0.399973  0.505418  0.738448  0.711928  0.495370   -0.067125 -0.148270               0.440560           0.453490           0.685041       0.728969  0.734166               0.699610  1.000000  0.964656                0.543422     -0.641182       0.444680
p850                    0.340987  0.601337  0.671265  0.647518  0.584333   -0.172203 -0.080510               0.420291           0.354983           0.600873       0.802203  0.806988               0.638335  0.964656  1.000000                0.503177     -0.565771       0.555991
amplitude_interquartil  0.101949 -0.279066  0.882649  0.877962 -0.111111    0.222890 -0.656646               0.258894           0.392417           0.792787       0.024535  0.026021               0.934277  0.543422  0.503177                1.000000     -0.764314      -0.296664
uniformidade           -0.226130  0.048138 -0.792852 -0.739819 -0.067734   -0.122166  0.587374              -0.350675          -0.786148          -0.973555      -0.193010 -0.203645              -0.800122 -0.641182 -0.565771               -0.764314      1.000000       0.052650
media_robusta           0.185401  0.980399 -0.101489 -0.122211  0.933813   -0.621761  0.490252               0.221033           0.099617          -0.069713       0.919119  0.919154              -0.154049  0.444680  0.555991               -0.296664      0.052650       1.000000
    Encontradas 6 features altamente correlacionadas.
    Features removidas por alta correlação: ['var', 'rms', 'desvio_absoluto_medio', 'p850', 'uniformidade', 'media_robusta']
    Correlação para classe 2:
                          media       std       var  assimetria   curtose  amplitude_ao_quadrado  entropia_completa  entropia_dos_bins  energia_media       rms  desvio_absoluto_medio  uniformidade
media                  1.000000 -0.952401 -0.974638   -0.889938  0.905872              -0.790467          -0.701135          -0.809155       0.991692  0.991297              -0.999272      0.827092
std                   -0.952401  1.000000  0.995767    0.723797 -0.763905               0.933895           0.457461           0.597807      -0.905879 -0.904503               0.963150     -0.617950
var                   -0.974638  0.995767  1.000000    0.773126 -0.805389               0.904225           0.530358           0.660914      -0.937775 -0.936701               0.982155     -0.681301
assimetria            -0.889938  0.723797  0.773126    1.000000 -0.994335               0.441831           0.906159           0.956284      -0.937403 -0.937975               0.875340     -0.974872
curtose                0.905872 -0.763905 -0.805389   -0.994335  1.000000              -0.496043          -0.859780          -0.923274       0.943923  0.944103              -0.894717      0.945920
amplitude_ao_quadrado -0.790467  0.933895  0.904225    0.441831 -0.496043               1.000000           0.153192           0.306690      -0.706999 -0.704883               0.811691     -0.317946
entropia_completa     -0.701135  0.457461  0.530358    0.906159 -0.859780               0.153192           1.000000           0.980841      -0.783030 -0.784891               0.674776     -0.971391
entropia_dos_bins     -0.809155  0.597807  0.660914    0.956284 -0.923274               0.306690           0.980841           1.000000      -0.875839 -0.877245               0.787385     -0.992619
energia_media          0.991692 -0.905879 -0.937775   -0.937403  0.943923              -0.706999          -0.783030          -0.875839       1.000000  0.999992              -0.986294      0.891924
rms                    0.991297 -0.904503 -0.936701   -0.937975  0.944103              -0.704883          -0.784891          -0.877245       0.999992  1.000000              -0.985763      0.893286
desvio_absoluto_medio -0.999272  0.963150  0.982155    0.875340 -0.894717               0.811691           0.674776           0.787385      -0.986294 -0.985763               1.000000     -0.805928
uniformidade           0.827092 -0.617950 -0.681301   -0.974872  0.945920              -0.317946          -0.971391          -0.992619       0.891924  0.893286              -0.805928      1.000000
    Encontradas 8 features altamente correlacionadas.
    Features removidas por alta correlação: ['std', 'var', 'curtose', 'entropia_dos_bins', 'energia_media', 'rms', 'desvio_absoluto_medio', 'uniformidade']
    Correlação para classe 3:
                          media       std       var  assimetria   curtose  amplitude_ao_quadrado  entropia_completa  entropia_dos_bins  energia_media       rms  desvio_absoluto_medio  uniformidade
media                  1.000000  0.585200  0.575703   -0.739479 -0.653287              -0.232976          -0.355396          -0.117962       0.971054  0.974622               0.582975      0.157454
std                    0.585200  1.000000  0.998156   -0.808926 -0.846182               0.010846          -0.529177          -0.035484       0.759564  0.751582               0.989735      0.309440
var                    0.575703  0.998156  1.000000   -0.788484 -0.831180               0.006490          -0.537055          -0.046997       0.751952  0.744021               0.988125      0.322771
assimetria            -0.739479 -0.808926 -0.788484    1.000000  0.728850              -0.037183           0.448569           0.053877      -0.833779 -0.820950              -0.775305     -0.203619
curtose               -0.653287 -0.846182 -0.831180    0.728850  1.000000               0.312537           0.634896           0.231885      -0.755970 -0.763856              -0.896499     -0.337281
amplitude_ao_quadrado -0.232976  0.010846  0.006490   -0.037183  0.312537               1.000000           0.494286           0.498819      -0.164894 -0.188995              -0.068263     -0.338858
entropia_completa     -0.355396 -0.529177 -0.537055    0.448569  0.634896               0.494286           1.000000           0.830891      -0.429792 -0.437282              -0.598814     -0.882970
entropia_dos_bins     -0.117962 -0.035484 -0.046997    0.053877  0.231885               0.498819           0.830891           1.000000      -0.097025 -0.108666              -0.118442     -0.907298
energia_media          0.971054  0.759564  0.751952   -0.833779 -0.755970              -0.164894          -0.429792          -0.097025       1.000000  0.999172               0.751635      0.212334
rms                    0.974622  0.751582  0.744021   -0.820950 -0.763856              -0.188995          -0.437282          -0.108666       0.999172  1.000000               0.747397      0.215775
desvio_absoluto_medio  0.582975  0.989735  0.988125   -0.775305 -0.896499              -0.068263          -0.598814          -0.118442       0.751635  0.747397               1.000000      0.370647
uniformidade           0.157454  0.309440  0.322771   -0.203619 -0.337281              -0.338858          -0.882970          -0.907298       0.212334  0.215775               0.370647      1.000000
    Encontradas 4 features altamente correlacionadas.
    Features removidas por alta correlação: ['var', 'energia_media', 'rms', 'desvio_absoluto_medio']
    Correlação para classe 4:
                          media       std       var  assimetria   curtose  amplitude_ao_quadrado  entropia_completa  entropia_dos_bins  energia_media       rms  desvio_absoluto_medio  uniformidade
media                  1.000000  0.098142  0.081309   -0.617543  0.444948               0.146163          -0.095590          -0.067522       0.977432  0.981727              -0.023543      0.169115
std                    0.098142  1.000000  0.982476    0.308412 -0.500630               0.699069           0.829986           0.879152       0.289558  0.281779               0.983426     -0.755821
var                    0.081309  0.982476  1.000000    0.336896 -0.498705               0.665159           0.769214           0.819421       0.279529  0.267320               0.983724     -0.696356
assimetria            -0.617543  0.308412  0.336896    1.000000 -0.852265               0.138381           0.536814           0.488413      -0.525387 -0.538237               0.429426     -0.565689
curtose                0.444948 -0.500630 -0.498705   -0.852265  1.000000              -0.143927          -0.555532          -0.568145       0.325181  0.341151              -0.576558      0.562413
amplitude_ao_quadrado  0.146163  0.699069  0.665159    0.138381 -0.143927               1.000000           0.708100           0.672035       0.269754  0.268605               0.664203     -0.584732
entropia_completa     -0.095590  0.829986  0.769214    0.536814 -0.555532               0.708100           1.000000           0.965814       0.051278  0.051895               0.825961     -0.924267
entropia_dos_bins     -0.067522  0.879152  0.819421    0.488413 -0.568145               0.672035           0.965814           1.000000       0.088945  0.089026               0.867810     -0.964718
energia_media          0.977432  0.289558  0.279529   -0.525387  0.325181               0.269754           0.051278           0.088945       1.000000  0.997498               0.172098      0.031790
rms                    0.981727  0.281779  0.267320   -0.538237  0.341151               0.268605           0.051895           0.089026       0.997498  1.000000               0.164793      0.032895
desvio_absoluto_medio -0.023543  0.983426  0.983724    0.429426 -0.576558               0.664203           0.825961           0.867810       0.172098  0.164793               1.000000     -0.758701
uniformidade           0.169115 -0.755821 -0.696356   -0.565689  0.562413              -0.584732          -0.924267          -0.964718       0.031790  0.032895              -0.758701      1.000000
    Encontradas 6 features altamente correlacionadas.
    Features removidas por alta correlação: ['var', 'entropia_dos_bins', 'energia_media', 'rms', 'desvio_absoluto_medio', 'uniformidade']
    Classe todas: Matriz de correlação salva como matriz_correlacao_condicionada_classe_todas_trabalho_6_features_bins_8-PARCIAL.pdf.
Avaliando desempenho usando features do arquivo trabalho_6/csvs/trabalho_4_features_bins_16-PARCIAL.csv...
    Correlação para classe 0:
                      expectancia   mediana  amplitude_quadratica  variancia  assimetria   curtose  entropia
expectancia              1.000000  0.833902              0.263536   0.988054   -0.521165 -0.526263  0.912530
mediana                  0.833902  1.000000              0.329746   0.785177   -0.497345 -0.400462  0.772465
amplitude_quadratica     0.263536  0.329746              1.000000   0.279454    0.032979 -0.015619  0.317860
variancia                0.988054  0.785177              0.279454   1.000000   -0.402415 -0.426910  0.933836
assimetria              -0.521165 -0.497345              0.032979  -0.402415    1.000000  0.972706 -0.180359
curtose                 -0.526263 -0.400462             -0.015619  -0.426910    0.972706  1.000000 -0.174268
entropia                 0.912530  0.772465              0.317860   0.933836   -0.180359 -0.174268  1.000000
    Encontradas 2 features altamente correlacionadas.
    Features removidas por alta correlação: ['variancia', 'curtose']
    Correlação para classe 1:
                      expectancia   mediana  amplitude_quadratica  variancia  assimetria   curtose  entropia
expectancia              1.000000  0.932134              0.014491  -0.131967   -0.443479  0.323284 -0.078956
mediana                  0.932134  1.000000              0.154364  -0.003182   -0.649487  0.331003 -0.007919
amplitude_quadratica     0.014491  0.154364              1.000000   0.521348   -0.271632  0.106734  0.449743
variancia               -0.131967 -0.003182              0.521348   1.000000    0.101913 -0.460448  0.788051
assimetria              -0.443479 -0.649487             -0.271632   0.101913    1.000000 -0.698486  0.227008
curtose                  0.323284  0.331003              0.106734  -0.460448   -0.698486  1.000000 -0.599586
entropia                -0.078956 -0.007919              0.449743   0.788051    0.227008 -0.599586  1.000000
    Correlação para classe 2:
                      expectancia  amplitude_quadratica  variancia  assimetria   curtose  entropia
expectancia              1.000000             -0.751985  -0.964831   -0.806627  0.825473 -0.634327
amplitude_quadratica    -0.751985              1.000000   0.894220    0.236272 -0.277983 -0.011458
variancia               -0.964831              0.894220   1.000000    0.627907 -0.657227  0.412837
assimetria              -0.806627              0.236272   0.627907    1.000000 -0.997606  0.952998
curtose                  0.825473             -0.277983  -0.657227   -0.997606  1.000000 -0.933680
entropia                -0.634327             -0.011458   0.412837    0.952998 -0.933680  1.000000
    Encontradas 3 features altamente correlacionadas.
    Features removidas por alta correlação: ['variancia', 'curtose', 'entropia']
    Correlação para classe 3:
                      expectancia  amplitude_quadratica  variancia  assimetria   curtose  entropia
expectancia              1.000000             -0.581731   0.596434   -0.764883 -0.769885 -0.414023
amplitude_quadratica    -0.581731              1.000000  -0.023768    0.219862  0.455146  0.464146
variancia                0.596434             -0.023768   1.000000   -0.825553 -0.751758 -0.486948
assimetria              -0.764883              0.219862  -0.825553    1.000000  0.739343  0.423105
curtose                 -0.769885              0.455146  -0.751758    0.739343  1.000000  0.543758
entropia                -0.414023              0.464146  -0.486948    0.423105  0.543758  1.000000
    Correlação para classe 4:
                      expectancia  amplitude_quadratica  variancia  assimetria   curtose  entropia
expectancia              1.000000              0.185214   0.148072   -0.416824  0.210339 -0.018439
amplitude_quadratica     0.185214              1.000000   0.742796    0.312742 -0.296895  0.826189
variancia                0.148072              0.742796   1.000000    0.464986 -0.525442  0.778851
assimetria              -0.416824              0.312742   0.464986    1.000000 -0.917529  0.694881
curtose                  0.210339             -0.296895  -0.525442   -0.917529  1.000000 -0.651551
entropia                -0.018439              0.826189   0.778851    0.694881 -0.651551  1.000000
    Classe todas: Matriz de correlação salva como matriz_correlacao_condicionada_classe_todas_trabalho_4_features_bins_16-PARCIAL.pdf.
Avaliando desempenho usando features do arquivo trabalho_6/csvs/trabalho_4_features_bins_8-PARCIAL.csv...
    Correlação para classe 0:
                      expectancia   mediana  amplitude_quadratica  variancia  assimetria   curtose  entropia
expectancia              1.000000  0.833902              0.263536   0.988054   -0.521165 -0.526263  0.945068
mediana                  0.833902  1.000000              0.329746   0.785177   -0.497345 -0.400462  0.874480
amplitude_quadratica     0.263536  0.329746              1.000000   0.279454    0.032979 -0.015619  0.335517
variancia                0.988054  0.785177              0.279454   1.000000   -0.402415 -0.426910  0.944821
assimetria              -0.521165 -0.497345              0.032979  -0.402415    1.000000  0.972706 -0.314556
curtose                 -0.526263 -0.400462             -0.015619  -0.426910    0.972706  1.000000 -0.287583
entropia                 0.945068  0.874480              0.335517   0.944821   -0.314556 -0.287583  1.000000
    Encontradas 2 features altamente correlacionadas.
    Features removidas por alta correlação: ['variancia', 'curtose']
    Correlação para classe 1:
                      expectancia   mediana  amplitude_quadratica  variancia  assimetria   curtose  entropia
expectancia              1.000000  0.932134              0.014491  -0.131967   -0.443479  0.323284 -0.079698
mediana                  0.932134  1.000000              0.154364  -0.003182   -0.649487  0.331003  0.007443
amplitude_quadratica     0.014491  0.154364              1.000000   0.521348   -0.271632  0.106734  0.453473
variancia               -0.131967 -0.003182              0.521348   1.000000    0.101913 -0.460448  0.842374
assimetria              -0.443479 -0.649487             -0.271632   0.101913    1.000000 -0.698486  0.172183
curtose                  0.323284  0.331003              0.106734  -0.460448   -0.698486  1.000000 -0.576368
entropia                -0.079698  0.007443              0.453473   0.842374    0.172183 -0.576368  1.000000
    Correlação para classe 2:
                      expectancia  amplitude_quadratica  variancia  assimetria   curtose  entropia
expectancia              1.000000             -0.751985  -0.964831   -0.806627  0.825473 -0.761402
amplitude_quadratica    -0.751985              1.000000   0.894220    0.236272 -0.277983  0.161278
variancia               -0.964831              0.894220   1.000000    0.627907 -0.657227  0.566007
assimetria              -0.806627              0.236272   0.627907    1.000000 -0.997606  0.984913
curtose                  0.825473             -0.277983  -0.657227   -0.997606  1.000000 -0.973581
entropia                -0.761402              0.161278   0.566007    0.984913 -0.973581  1.000000
    Encontradas 3 features altamente correlacionadas.
    Features removidas por alta correlação: ['variancia', 'curtose', 'entropia']
    Correlação para classe 3:
                      expectancia  amplitude_quadratica  variancia  assimetria   curtose  entropia
expectancia              1.000000             -0.581731   0.596434   -0.764883 -0.769885 -0.273887
amplitude_quadratica    -0.581731              1.000000  -0.023768    0.219862  0.455146  0.514312
variancia                0.596434             -0.023768   1.000000   -0.825553 -0.751758 -0.175728
assimetria              -0.764883              0.219862  -0.825553    1.000000  0.739343  0.197933
curtose                 -0.769885              0.455146  -0.751758    0.739343  1.000000  0.352133
entropia                -0.273887              0.514312  -0.175728    0.197933  0.352133  1.000000
    Correlação para classe 4:
                      expectancia  amplitude_quadratica  variancia  assimetria   curtose  entropia
expectancia              1.000000              0.185214   0.148072   -0.416824  0.210339  0.017624
amplitude_quadratica     0.185214              1.000000   0.742796    0.312742 -0.296895  0.776554
variancia                0.148072              0.742796   1.000000    0.464986 -0.525442  0.781866
assimetria              -0.416824              0.312742   0.464986    1.000000 -0.917529  0.686834
curtose                  0.210339             -0.296895  -0.525442   -0.917529  1.000000 -0.684541
entropia                 0.017624              0.776554   0.781866    0.686834 -0.684541  1.000000
    Classe todas: Matriz de correlação salva como matriz_correlacao_condicionada_classe_todas_trabalho_4_features_bins_8-PARCIAL.pdf.
Avaliando desempenho usando features do arquivo trabalho_6/csvs/trabalho_4_features_bins_32-PARCIAL.csv...
    Correlação para classe 0:
                      expectancia   mediana  amplitude_quadratica  variancia  assimetria   curtose  entropia
expectancia              1.000000  0.833902              0.263536   0.988054   -0.521165 -0.526263  0.925076
mediana                  0.833902  1.000000              0.329746   0.785177   -0.497345 -0.400462  0.799366
amplitude_quadratica     0.263536  0.329746              1.000000   0.279454    0.032979 -0.015619  0.321150
variancia                0.988054  0.785177              0.279454   1.000000   -0.402415 -0.426910  0.942768
assimetria              -0.521165 -0.497345              0.032979  -0.402415    1.000000  0.972706 -0.207908
curtose                 -0.526263 -0.400462             -0.015619  -0.426910    0.972706  1.000000 -0.195788
entropia                 0.925076  0.799366              0.321150   0.942768   -0.207908 -0.195788  1.000000
    Encontradas 2 features altamente correlacionadas.
    Features removidas por alta correlação: ['variancia', 'curtose']
    Correlação para classe 1:
                      expectancia   mediana  amplitude_quadratica  variancia  assimetria   curtose  entropia
expectancia              1.000000  0.932134              0.014491  -0.131967   -0.443479  0.323284 -0.032009
mediana                  0.932134  1.000000              0.154364  -0.003182   -0.649487  0.331003  0.027897
amplitude_quadratica     0.014491  0.154364              1.000000   0.521348   -0.271632  0.106734  0.420062
variancia               -0.131967 -0.003182              0.521348   1.000000    0.101913 -0.460448  0.722226
assimetria              -0.443479 -0.649487             -0.271632   0.101913    1.000000 -0.698486  0.235622
curtose                  0.323284  0.331003              0.106734  -0.460448   -0.698486  1.000000 -0.594637
entropia                -0.032009  0.027897              0.420062   0.722226    0.235622 -0.594637  1.000000
    Correlação para classe 2:
                      expectancia  amplitude_quadratica  variancia  assimetria   curtose  entropia
expectancia              1.000000             -0.751985  -0.964831   -0.806627  0.825473 -0.623182
amplitude_quadratica    -0.751985              1.000000   0.894220    0.236272 -0.277983 -0.026604
variancia               -0.964831              0.894220   1.000000    0.627907 -0.657227  0.399336
assimetria              -0.806627              0.236272   0.627907    1.000000 -0.997606  0.951178
curtose                  0.825473             -0.277983  -0.657227   -0.997606  1.000000 -0.931768
entropia                -0.623182             -0.026604   0.399336    0.951178 -0.931768  1.000000
    Encontradas 3 features altamente correlacionadas.
    Features removidas por alta correlação: ['variancia', 'curtose', 'entropia']
    Correlação para classe 3:
                      expectancia  amplitude_quadratica  variancia  assimetria   curtose  entropia
expectancia              1.000000             -0.581731   0.596434   -0.764883 -0.769885 -0.437132
amplitude_quadratica    -0.581731              1.000000  -0.023768    0.219862  0.455146  0.462164
variancia                0.596434             -0.023768   1.000000   -0.825553 -0.751758 -0.527513
assimetria              -0.764883              0.219862  -0.825553    1.000000  0.739343  0.468024
curtose                 -0.769885              0.455146  -0.751758    0.739343  1.000000  0.584086
entropia                -0.437132              0.462164  -0.527513    0.468024  0.584086  1.000000
    Correlação para classe 4:
                      expectancia  amplitude_quadratica  variancia  assimetria   curtose  entropia
expectancia              1.000000              0.185214   0.148072   -0.416824  0.210339 -0.023875
amplitude_quadratica     0.185214              1.000000   0.742796    0.312742 -0.296895  0.822640
variancia                0.148072              0.742796   1.000000    0.464986 -0.525442  0.744808
assimetria              -0.416824              0.312742   0.464986    1.000000 -0.917529  0.702028
curtose                  0.210339             -0.296895  -0.525442   -0.917529  1.000000 -0.644522
entropia                -0.023875              0.822640   0.744808    0.702028 -0.644522  1.000000
    Classe todas: Matriz de correlação salva como matriz_correlacao_condicionada_classe_todas_trabalho_4_features_bins_32-PARCIAL.pdf.
Tempo total: 2.80 segundos (0.05 minutos)
